446.50
162.01
455.78
137.86
459.24
133.10
455.11
241.11
243.22
263.11
164.95
140.06
257.53
427.92
259.32
454.81
424.23
302.30
408.63
417.54
383.42
150.68
243.40
208.81
427.39
224.25
243.40
263.55
193.61
418.06
294.89
384.84
387.07
193.02
249.39
255.97
384.10
132.08
413.61
395.87
141.07
194.94
261.95
305.54
160.18
140.41
436.32
183.61
307.44
264.10
418.10
372.82
168.73
418.63
379.61
387.30
434.71
312.10
151.50
423.94
149.68
248.65
260.82
172.99
421.21
309.10
263.92
422.67
442.66
435.50
267.10
231.45
138.32
454.15
266.01
394.15
150.42
382.66
384.91
200.54
266.01
266.01
266.56
150.58
217.54
416.80
191.91
262.83
160.78
259.45
194.41
261.36
389.73
169.50
309.82
307.54
391.42
244.74
303.96
389.83
820.79
1529.71
818.06
1663.69
1257.95
617.80
1472.54
1522.46
771.75
1374.71
757.25
1536.99
1470.62
1596.10
1588.76
1502.35
843.42
752.32
1270.52
755.43
1662.60
1620.95
813.76
1166.21
759.59
1599.19
802.64
645.12
623.34
831.45
1469.62
871.98
1053.40
774.73
1391.96
756.31
1176.10
1386.50
1482.90
887.92
648.38
893.17
1072.00
784.42
1014.24
1326.22
1633.31
1563.92
852.86
1466.31
848.21
1546.71
1074.42
1484.63
1414.52
934.35
1193.77
1255.40
768.90
750.93
1315.25
560.91
1111.86
830.22
1479.02
1429.09
815.83
638.16
1617.51
527.60
758.66
930.61
801.94
1228.01
1355.20
1331.95
1551.55
714.38
663.56
764.59
1510.87
1327.85
969.99
1641.12
1009.03
1118.80
799.44
875.15
883.24
1486.23
1568.61
1313.57
1026.52
578.24
519.51
1205.53
990.98
750.51
708.24
795.71
1868.83
1599.34
1494.87
969.39
1611.66
2007.12
1101.83
1044.31
1187.60
1753.00
1540.69
1344.34
1616.61
1124.47
1705.51
1694.67
1554.06
1147.87
1838.87
1614.35
1030.94
1527.01
1873.10
1708.95
1809.76
524.45
1398.75
1883.51
978.41
1663.89
659.15
1541.59
1092.78
1585.90
1061.78
1748.57
1145.28
1682.28
1608.62
1652.64
1149.75
1586.59
800.80
1564.77
1704.43
1800.81
2102.98
1824.52
1646.42
1776.87
1304.92
1201.35
1955.47
1604.56
1905.06
1132.48
1545.43
926.44
1599.34
1178.94
1549.12
838.85
1879.84
1235.33
1569.79
1766.70
1704.57
1249.79
1569.11
1891.33
1682.90
1832.18
1536.72
1132.95
980.61
898.28
1910.58
1461.78
1667.91
930.03
2006.69
1158.36
1539.96
1974.51
1558.40
1917.19
1808.50
636.13
1685.66
1148.30
2064.90
1914.90
2074.18
1942.53
1077.37
1517.22
958.49
1795.40
1682.92
1699.07
1354.15
983.09
1321.49
813.82
1290.86
837.20
823.36
1449.77
1238.82
1495.30
887.82
1260.11
1153.90
1218.39
1204.33
769.53
1035.69
716.29
1154.49
1022.20
1514.62
845.20
739.24
1468.32
1536.14
1091.66
1262.96
1613.35
1119.05
960.04
614.61
668.39
664.81
1860.37
1322.84
856.06
754.88
537.34
911.98
1090.13
698.55
845.92
1334.43
1305.41
974.19
1125.84
1282.81
620.39
841.60
1206.09
1720.08
1071.27
665.86
1203.89
632.89
739.91
1378.76
1432.74
607.43
740.60
745.59
1131.98
1814.90
1344.64
629.56
1652.89
1416.29
724.67
732.17
1121.93
1035.75
1117.97
1448.47
1297.27
1410.46
1102.06
1376.99
619.72
700.22
1286.60
784.21
955.07
1324.27
563.03
1178.62
730.82
1893.19
549.00
909.36
1392.45
675.86
949.86
689.69
1331.66
1820.56
1075.68
1482.83
775.41
1166.68
1640.22
907.71
688.09
839.09
823.30
783.23
503.15
558.92
811.31
521.56
636.16
564.12
963.49
726.50
986.20
717.67
581.49
1013.45
533.65
900.25
517.94
878.39
505.56
832.36
848.58
660.89
672.23
1074.72
664.41
495.27
887.08
509.79
704.20
676.90
977.82
584.77
1561.18
789.37
845.11
795.21
882.17
986.36
851.32
495.90
485.02
527.21
1007.60
537.84
742.53
867.24
577.42
289.51
303.84
405.16
694.60
1209.69
694.06
929.21
745.83
426.91
825.60
846.97
783.78
893.93
773.15
1302.02
444.37
885.97
1147.58
1244.78
318.20
782.84
1083.36
1182.42
1105.32
746.46
759.40
1127.92
1187.77
824.98
434.18
476.17
761.66
310.93
302.91
748.22
651.90
1240.94
888.78
789.68
1286.76
506.56
577.93
411.14
776.67
423.56
296.40
1131.52
853.15
742.80
772.29
1035.59
884.01
636.11
309.96
1020.71
298.00
781.63
603.52
919.29
629.56
864.83
741.00
625.11
484.58
297.58
754.57
748.26
1330.10
915.27
428.54
1005.05
722.84
1251.47
430.46
636.95
506.19
644.07
746.30
794.94
412.90
638.55
965.92
708.10
673.96
308.19
766.21
1087.99
330.42
1177.47
618.03
811.85
1085.56
864.09
307.98
448.12
482.58
1197.57
1224.53
424.90
762.03
1501.24
1160.87
1321.66
1428.34
1218.40
519.48
715.44
722.70
1116.64
1423.99
818.81
1440.35
876.30
705.53
1456.06
713.77
760.53
614.63
1034.37
1368.72
622.86
587.97
864.06
1550.82
1239.05
723.99
1459.55
694.82
1250.43
623.19
612.27
1103.40
614.87
610.36
767.01
1523.96
1310.48
924.65
1124.27
1232.21
1523.06
854.94
1094.63
1515.40
768.32
557.97
1439.91
1231.90
873.83
1320.13
1480.14
754.54
1574.26
1417.03
596.74
1450.44
841.35
594.20
764.92
1527.35
858.51
1141.69
1191.11
1534.29
1441.05
781.61
1122.25
1360.22
1421.57
687.13
1548.75
512.23
1375.32
527.87
874.98
1355.13
1317.43
739.60
1545.76
980.95
851.28
603.38
792.71
1470.53
841.52
647.57
1510.50
1421.15
792.93
1513.37
532.13
1110.41
666.47
1059.33
1076.70
1170.71
635.04
1301.21
1465.88
766.08
1883.03
2074.57
2034.55
1911.14
1800.90
1960.23
2050.44
1964.06
2081.40
1966.95
1936.06
1934.50
1856.83
1969.50
1863.88
1966.35
1799.81
2037.97
1892.99
1868.43
1872.99
1868.41
2049.40
1957.01
2064.16
1814.87
1900.02
2104.85
1785.87
2016.23
1879.20
1844.65
1960.90
1943.23
2033.55
1756.28
1756.40
1937.47
1912.27
1760.66
1874.93
1971.09
1949.56
1881.75
1869.93
1866.48
1850.64
1756.28
2217.12
2009.20
1836.91
1880.81
1835.25
1933.10
1959.79
1823.94
1917.61
2124.53
1843.54
1835.49
1808.48
1845.53
1845.95
1882.72
1957.01
1855.40
1973.14
1792.45
2015.67
1776.43
2172.25
2012.79
1913.67
1969.96
1863.33
2066.41
1808.35
2033.59
1926.39
1849.61
1884.61
1925.09
1854.22
1852.21
1497.86
1927.67
1855.59
1857.58
1879.94
2045.47
1718.92
1955.90
2072.60
1886.99
2010.00
1787.24
1847.02
2140.29
872.70
1893.30
1325.57
1197.64
866.03
1794.70
1439.12
840.58
1257.59
1288.96
665.67
1218.96
2158.02
1563.06
1820.76
1781.97
1540.15
1955.84
1670.06
1823.70
1804.48
1398.13
1412.87
2223.71
1752.34
1792.35
1565.74
1446.39
1630.70
823.75
1945.90
1490.54
1653.87
1589.95
1837.74
1095.37
1496.79
2080.78
543.28
1849.78
1693.73
462.98
1866.61
2020.79
1209.37
695.91
1297.95
1712.81
1847.92
742.66
1631.79
1460.37
1451.56
1433.27
1226.76
2116.18
1587.66
1054.79
1582.55
1896.91
1404.81
1873.53
1275.12
1097.59
680.39
155.62
1410.09
1278.49
1219.45
1967.71
1334.53
843.19
1464.78
1419.64
1444.89
549.26
1509.30
1615.00
1451.37
1694.14
641.99
1642.12
1203.15
957.36
1474.41
1850.94
610.35
1625.69
1451.34
1707.76
923.63
1782.27
2181.98
819.28
1388.97
1335.95
1403.54
1717.85
1743.85
1304.33
1013.59
1194.87
1437.07
1806.70
1582.48
1704.81
1899.81
1831.93
1918.88
1785.99
1327.61
1670.22
1269.99
1272.00
1199.39
1466.44
1515.45
1421.25
1514.12
1405.07
1370.67
1631.33
904.78
1719.84
1775.92
1156.93
1210.83
2176.05
1087.61
1664.92
1553.69
1851.78
532.64
1468.77
1354.67
1078.53
636.36
1461.13
1167.65
1164.52
1750.04
1299.04
802.06
1392.08
867.84
1821.91
1117.81
1990.51
1939.13
1173.73
939.62
1755.93
1687.53
1561.71
1967.60
2205.47
1475.51
775.34
1651.02
637.04
1298.86
1867.93
1830.28
799.65
647.84
1395.13
1600.23
1132.82
799.81
1678.45
1523.88
2064.78
1840.78
1875.76
889.00
1927.89
1394.02
1420.25
1742.64
1917.49
1639.23
1683.12
882.34
1827.74
1920.33
1513.88
1620.58
1470.01
565.05
907.98
758.53
1436.07
1958.77
1839.60
1364.15
1488.38
1168.71
1480.16
1746.85
1806.45
1326.72
1668.66
1505.38
1384.38
1919.25
1585.31
1064.23
1621.31
1400.38
1553.04
1607.66
1934.97
1512.32
1708.00
1813.34
1498.41
1636.52
2219.44
1856.49
2094.03
1557.17
1059.69
1114.66
2212.88
1965.60
1880.22
1374.24
1637.23
784.97
550.64
1419.07
1654.79
1240.29
1071.08
1215.18
1871.55
1923.75
1628.56
1809.97
1933.98
2067.97
1786.70
1529.91
1660.49
1807.49
1491.45
2027.26
1507.65
1313.24
1811.56
1746.51
1883.24
621.12
745.02
1908.35
1533.22
1756.85
2162.43
1617.58
1921.68
1619.26
2019.89
1236.27
1788.13
811.83
1569.13
1684.58
1599.82
1318.39
1515.95
929.13
1896.00
1663.23
736.57
1579.78
1801.61
773.01
1291.91
1618.89
1805.35
1815.34
1466.71
978.56
1091.37
982.20
1462.24
1425.19
785.48
1680.04
1122.22
1134.36
1762.67
1531.69
1006.26
1709.03
1258.97
1040.19
1573.59
595.05
1324.27
1201.42
1750.94
745.30
1302.82
1027.54
1900.79
1418.48
1378.51
1805.90
1713.45
731.03
1953.13
1722.85
1122.22
1113.47
1669.04
1624.58
1233.44
1708.27
1701.88
1705.40
1635.88
378.13
1758.94
687.36
1365.69
1390.21
1601.97
1091.58
1578.92
1773.62
884.40
1506.55
1278.33
1861.49
1570.47
1384.32
627.88
1150.14
1908.68
1667.84
832.12
1784.32
1400.66
1213.80
1778.24
1502.84
1458.02
546.32
1057.48
1821.46
1602.31
997.45
909.91
1864.01
1175.22
1311.20
1735.01
1614.27
1482.70
814.41
1815.94
1575.82
1781.47
1802.42
1501.24
1540.03
1568.77
1935.91
816.50
1687.28
1678.90
1462.60
1376.44
1772.40
812.94
1652.02
1448.42
1901.62
1946.21
1537.76
1655.61
1454.86
1882.94
1673.87
902.45
1129.32
1322.18
1265.95
1493.58
1772.57
2129.96
1516.13
1269.76
1232.61
1159.01
1522.03
1217.78
2045.79
1796.61
1751.40
1240.01
1672.13
1698.06
294.32
2149.23
1422.81
1672.09
1620.28
1856.40
1790.52
954.65
648.18
1197.29
715.53
1786.80
1420.29
1871.07
498.37
1390.28
1703.21
1551.73
1566.28
1490.48
1240.34
1768.36
1091.43
1633.59
1693.82
1502.87
1970.27
1708.53
744.68
1586.87
622.72
1642.16
1722.40
1799.04
820.76
1492.32
1431.05
961.11
1663.25
844.35
1683.24
1661.71
1689.20
1903.76
1810.52
1514.48
1203.25
1123.40
1720.82
1256.01
1539.89
1441.09
826.17
1179.09
1402.75
1032.13
1755.79
1329.66
1978.56
515.94
1800.43
1477.62
1825.33
1655.00
382.47
743.37
1754.92
629.19
1032.64
1525.96
1515.21
1700.03
1341.67
1798.44
1342.18
1758.35
769.17
1511.83
1512.85
1161.75
1506.50
1577.84
1605.27
457.47
1179.75
767.94
1433.20
1556.82
976.73
1112.96
857.18
1095.69
1107.98
1594.10
1915.48
1929.34
1972.30
1374.26
1921.48
1821.98
1024.59
1216.31
775.57
1140.80
1541.05
1330.27
1769.03
1786.21
1565.15
763.69
1558.98
1231.34
1668.94
1727.16
1947.69
1189.81
1777.04
822.05
1541.52
1339.06
1100.99
1721.26
1402.85
1656.19
1806.97
953.04
1231.97
1548.96
683.25
1614.28
1370.63
889.58
1836.47
1482.30
2194.36
1192.86
547.74
1089.37
1489.00
1854.65
1788.67
1723.68
1362.45
894.63
1650.75
1636.43
1414.29
1472.70
1921.85
1422.55
1586.59
1427.52
1707.44
1851.06
1814.05
1796.55
1311.62
1150.45
1144.05
1435.88
1603.93
975.64
1903.13
1545.23
885.91
1557.00
1965.73
1511.81
1169.78
1017.62
1515.23
1239.96
752.44
1373.29
818.37
1456.33
1145.13
1260.73
1646.81
921.55
1394.98
1221.77
1259.78
1491.98
1631.32
784.33
1730.50
1156.46
600.11
1376.62
952.29
1417.01
1137.52
1679.77
1268.16
1427.06
1328.38
1739.28
1102.99
1625.21
1202.40
1608.22
1943.70
2151.60
1660.14
1278.90
590.74
1765.73
1553.65
1499.07
1340.71
1615.49
1889.27
1552.41
1494.66
1493.61
1117.30
2084.00
1812.85
1927.25
1171.63
1401.31
1733.06
1643.06
1490.03
834.15
1871.66
1484.70
1788.85
1263.42
876.12
1680.13
1834.03
1355.93
1940.92
1491.17
1522.74
762.63
1488.03
2106.45
1418.20
1688.37
1963.98
1709.07
1510.81
1817.85
1505.71
1529.52
1522.37
1557.88
1578.86
2208.06
893.49
741.57
1814.22
1515.85
1290.71
455.25
1353.04
765.43
995.32
1809.31
985.55
1551.02
1734.79
1766.97
1414.38
1920.79
1478.67
1083.16
1482.83
1834.37
1565.22
1668.18
615.79
1354.81
907.49
1521.42
1532.86
1314.90
1489.82
1692.77
1585.48
1250.98
1690.77
1507.18
1646.43
1796.02
1232.85
1940.99
1501.16
1835.08
1029.39
1948.08
1608.28
1964.13
1244.09
1113.77
1930.90
1776.32
1531.93
918.20
1454.87
1805.58
1539.85
1606.09
1424.29
434.88
1636.99
1108.30
1395.44
1277.12
2207.69
1303.11
1422.50
1717.98
1062.72
669.34
1300.12
1488.04
1383.89
1557.67
985.40
895.05
1549.22
1406.96
1480.20
1468.85
1866.95
1537.22
1189.46
927.90
1525.86
1741.03
1545.78
1430.79
1490.58
729.56
1242.37
988.52
708.80
1324.71
1574.00
1627.45
1856.95
1253.82
1731.07
925.69
1572.17
1863.74
1117.70
1948.07
1265.23
1918.48
665.84
593.60
1512.70
1132.67
1785.50
1200.74
1827.95
1633.66
1471.88
1624.46
1221.29
896.45
1796.37
1762.91
535.62
1217.45
811.32
1080.51
913.04
1471.85
1465.34
1556.30
2000.65
653.87
849.06
628.41
1226.81
1135.32
1556.53
1114.19
2164.58
1601.28
297.46
1528.43
1243.69
646.29
1231.90
1455.20
898.94
1812.34
791.16
1806.59
783.89
429.67
1490.68
1070.18
1485.01
1566.99
1175.82
1661.53
416.28
643.81
1661.38
1731.45
753.58
773.16
1184.26
1485.39
1516.20
1374.98
1762.69
322.36
1362.47
818.56
1530.16
1653.40
1802.73
1684.71
1525.57
1934.05
1420.86
1891.37
1225.65
1592.13
765.61
1420.44
1254.39
764.16
1598.36
1649.80
1605.86
1647.87
1417.81
1663.83
1489.18
1103.39
1381.39
1215.10
843.85
1753.96
1599.26
1465.04
1485.21
2138.67
1813.92
1773.74
454.63
1123.11
1275.16
2038.42
1583.88
1094.05
1501.96
1019.50
1921.12
1651.29
2224.00
1650.92
1523.49
1041.54
2063.06
1740.04
496.14
1359.08
909.96
1366.01
1540.79
1504.55
1442.95
1724.05
1470.78
1956.41
1318.31
1133.74
1302.44
1575.61
764.53
1479.11
1547.29
1073.60
616.38
903.39
1347.53
1212.47
1563.07
1070.86
1805.06
1732.06
646.04
1538.56
1468.49
1407.66
1285.49
1253.12
1780.87
1526.51
1921.41
2128.93
1935.85
1581.76
1389.25
1120.73
1452.82
1518.08
1685.19
1739.44
699.25
1774.37
1920.68
1803.67
1728.89
1330.45
1370.14
1194.26
1224.63
1776.36
711.76
346.00
960.36
516.22
1319.58
1003.69
930.57
693.06
1005.97
1607.06
1404.06
527.27
1162.75
1707.56
901.81
1740.46
1874.59
1479.06
1651.22
468.22
1489.93
1523.50
988.55
1265.51
1456.72
1237.26
1958.30
1287.81
1541.42
738.90
2119.89
1226.53
1958.63
1189.92
1455.93
1376.37
1609.39
765.62
1411.28
426.68
1432.21
1656.05
1831.84
525.47
1770.47
731.15
1093.49
1033.89
1168.29
1665.13
1413.56
1539.11
1513.10
882.33
605.49
1187.76
1930.86
1808.87
1123.89
2026.28
1883.59
1665.80
932.84
1573.90
1480.39
781.93
1682.80
1175.07
1776.53
1350.90
1451.89
1651.28
1539.79
1378.26
1704.31
1765.29
1626.92
1449.82
1188.17
1575.65
1831.97
1088.27
1670.71
1138.35
923.68
1710.10
1576.92
1933.82
1035.92
1110.16
1091.96
1116.07
1872.68
1227.61
1977.33
546.74
1375.60
1453.21
1374.95
1489.51
1780.65
1852.67
1544.10
1239.98
1316.35
1801.87
2085.60
471.10
1979.82
745.89
983.98
1757.06
1089.10
1482.27
657.49
1874.69
1536.45
1972.75
1956.08
1253.25
1646.37
1520.93
1955.93
1650.43
1475.51
896.94
852.36
1616.56
764.25
1706.74
1552.67
1376.28
2258.78
1596.94
1612.34
1553.88
1108.28
1713.88
1730.15
1936.52
560.38
1057.07
1105.19
1536.55
1791.50
1720.68
1507.81
1837.79
1644.67
1493.94
1674.03
1735.60
1548.74
1830.78
973.75
1362.45
922.46
1707.36
767.45
1739.48
652.93
1296.25
813.84
1234.95
1245.28
1198.20
515.69
1456.95
1401.44
1658.78
1210.90
639.99
1171.61
1587.79
628.49
715.99
1646.16
1788.38
1254.65
1708.64
1659.19
1782.69
1666.28
1668.13
1664.52
1361.25
1804.87
1589.74
1268.46
725.17
1102.92
1141.25
1505.99
547.97
1549.23
1946.42
1770.82
1408.08
1476.45
919.09
1755.09
2131.76
1476.11
1212.29
1806.78
1225.27
1386.99
1542.80
1586.91
927.05
1196.06
1871.59
1821.52
1896.92
1445.81
1626.25
1822.91
1666.94
1949.89
1748.11
1656.53
1745.01
1358.20
1768.21
1133.50
1628.34
1388.98
1494.04
1551.51
1507.97
799.14
698.96
1684.09
1617.91
1181.54
1120.71
1113.51
1533.46
1246.52
595.57
734.09
1550.42
1695.51
1636.23
1514.13
1952.27
1907.07
2050.87
1256.28
1521.29
984.42
1408.72
916.02
1809.55
678.42
1658.46
1119.36
1681.38
1290.18
1253.36
1630.33
1082.88
1512.94
1731.80
585.11
1435.63
1296.83
1469.84
1407.53
1585.96
745.41
1428.87
1651.50
201.01
767.77
1955.65
1556.62
823.36
1193.29
1819.34
715.57
786.70
1835.47
1726.79
1745.70
1895.66
1945.80
1301.61
1548.68
1281.37
1805.55
1685.18
1577.29
1662.26
1988.46
602.29
1742.47
1379.01
1565.08
1519.56
830.85
1268.16
1483.30
1481.26
799.63
1420.13
1858.02
1497.10
926.39
1492.46
1356.15
1577.90
1878.77
1907.32
606.31
241.04
837.97
1648.13
1756.17
1246.52
1597.68
1553.15
1839.62
1689.39
1724.50
616.88
1851.03
1851.61
1572.10
1739.41
1947.81
1432.59
1872.99
1466.34
1260.90
1430.58
935.56
1617.70
1546.01
1769.09
1230.25
1524.83
306.05
1864.53
1438.88
1418.98
523.35
859.43
1859.78
1531.88
1702.76
1097.69
1806.32
1390.89
807.93
1923.45
1266.20
885.93
646.87
1226.04
1871.50
1852.47
1443.16
641.72
1210.34
1123.85
884.95
1685.50
1207.68
1367.09
1334.20
1521.24
1554.14
1803.48
873.28
1468.77
1890.74
1678.73
390.56
1984.09
1527.00
2231.69
1755.84
811.66
1121.77
557.31
1657.67
1723.00
734.30
1089.00
1791.78
608.45
1151.96
848.21
1700.02
1542.13
2160.81
966.95
1204.77
1196.00
1591.31
1945.34
684.21
1909.05
1290.34
1430.37
700.41
1666.47
1553.04
1905.40
1802.26
701.99
1640.71
1120.38
1869.55
1534.14
1658.62
1645.37
692.27
1150.67
1057.23
925.78
1477.66
1481.00
1744.21
1476.39
1339.07
1537.63
1283.37
1362.40
1421.83
1957.74
1049.55
1852.82
1584.46
1697.81
1503.00
1054.65
1461.51
1936.84
1692.90
844.28
1599.22
1525.74
2035.38
1683.99
1717.96
1735.61
1402.17
1522.28
1612.42
1811.41
1123.42
1578.63
816.73
1756.62
1797.15
506.28
1610.64
1894.40
1885.09
1480.00
1416.50
790.30
1195.72
1802.13
1136.48
1732.41
1217.86
793.70
1498.99
1545.85
1411.61
1787.54
1207.02
308.30
1037.13
1754.75
2088.30
1749.99
1634.33
2016.22
1350.26
1497.88
1789.65
1633.58
1343.03
1485.77
1426.54
1658.19
1127.53
1554.63
1561.37
1139.86
972.41
663.41
1847.68
1248.15
1514.60
886.08
1095.24
1451.77
1613.59
1097.29
1311.03
1728.78
786.82
1873.33
1028.71
795.14
1715.87
1043.13
1651.91
1881.21
1085.93
1792.15
1904.12
1890.58
722.56
403.44
885.30
1565.11
1761.67
604.96
1814.12
1840.97
1274.73
1637.07
938.06
667.51
1716.11
823.73
195.27
1309.93
1859.00
1661.70
1626.43
1899.00
1722.49
2109.93
1672.07
1437.37
1336.16
1663.07
834.03
1495.13
1492.65
1828.15
1202.46
1674.98
1255.16
1695.93
1567.88
1503.47
1446.25
1246.81
1853.16
1105.19
1778.70
2127.38
780.52
1802.05
199.95
1992.55
1327.70
1677.41
1733.35
1039.06
1785.87
1977.72
1666.80
1607.82
625.44
1526.56
1702.45
1642.45
1428.43
1776.29
1106.29
1887.70
1734.59
1190.67
276.72
1827.17
501.84
297.78
1258.19
913.07
1796.66
1790.31
1460.27
1838.40
1560.27
1508.56
1526.25
1163.32
812.01
1632.23
1274.38
1540.32
1366.62
1484.53
1753.64
1626.19
1546.80
676.89
1350.46
1444.10
1836.60
882.93
613.78
1258.99
1118.75
1386.97
1029.02
1686.92
1503.99
1776.15
805.92
1796.41
821.98
1970.71
1898.23
1488.96
1166.90
1503.61
865.97
1880.95
1243.25
962.45
1627.65
1084.80
860.14
563.96
919.89
531.03
1886.60
1909.85
1695.74
1299.55
1133.44
618.05
1645.89
1756.23
1147.33
415.14
1677.33
1667.18
567.09
1424.57
780.11
898.78
1203.58
2076.24
822.86
428.23
1300.11
1837.01
1531.55
1847.16
1890.87
1279.33
1638.96
1897.04
1281.59
943.09
1099.07
1706.45
1378.99
1589.62
905.65
1588.65
2133.74
1684.60
1115.40
1884.01
2017.06
1376.08
1704.75
1498.45
980.35
1875.08
1284.73
1296.63
1536.55
1742.58
1488.51
581.60
1523.61
787.84
1060.21
189.54
1667.66
1838.22
1751.99
1150.19
1265.78
1716.15
1952.52
1613.88
1211.41
1456.98
636.51
1877.91
1863.14
1108.89
1787.79
1261.20
1723.08
1899.63
1639.48
673.00
1010.38
1533.90
1830.89
1564.14
1241.78
527.85
1279.25
1163.59
1786.21
1542.44
1841.77
1561.07
947.28
1746.05
1516.26
1633.61
959.58
1544.87
1123.26
894.07
1478.40
1643.40
1552.73
1558.61
1857.63
1213.54
759.21
968.97
1756.90
1604.90
1674.22
1360.33
1211.24
1314.56
721.86
2053.36
1121.96
1922.73
1063.01
1679.43
621.03
1417.12
1296.50
951.14
426.46
1675.77
1732.72
674.93
1139.70
2002.34
1864.00
1248.59
1864.11
1560.98
1596.92
1608.84
1488.18
2225.25
924.55
735.09
1947.50
1660.46
1556.85
1910.00
2171.88
1508.07
1655.95
1591.98
1413.87
1199.70
1252.67
1270.56
1667.23
1488.03
1985.78
1531.43
1577.01
1614.67
1651.80
1110.99
1887.57
1034.53
1427.42
1439.06
1643.13
2069.19
595.78
1103.39
1411.68
1986.27
1805.07
1056.85
1902.39
1663.59
1641.80
1843.70
934.93
879.95
1786.56
299.89
1884.97
1926.65
1859.39
1735.88
1638.88
1534.83
1500.61
1824.63
258.70
1663.39
1134.52
1195.40
1928.99
1325.62
1207.29
1448.14
1641.23
1629.32
1490.85
1604.39
1494.15
1801.46
761.58
1333.10
1152.71
1206.93
728.25
695.86
779.25
1685.61
513.85
1563.35
803.97
1556.52
1866.18
1916.37
1508.43
1898.02
1497.25
1329.78
1662.82
1914.73
1133.81
569.62
1140.00
1736.11
1616.39
1876.30
1903.55
698.04
499.19
1796.82
1141.84
1753.84
979.72
1811.84
1101.49
1602.72
1221.37
1102.43
1330.50
1466.84
1859.58
1294.89
1899.20
1489.00
1436.95
1621.96
1673.79
1859.45
1711.14
1581.53
1315.66
2090.50
1144.81
819.21
1626.02
1385.26
1627.65
841.91
1297.77
1251.92
1665.56
1678.39
1974.16
1365.52
1459.85
1571.45
532.63
1690.70
1599.65
1834.09
1857.56
506.49
664.02
1604.34
1838.47
1171.97
1898.73
767.13
1141.58
1427.54
747.75
2191.91
1438.31
1117.16
1826.65
1318.31
1469.17
1034.25
708.61
1460.55
1601.55
1831.25
1525.84
1728.48
1603.85
1107.85
1821.56
1636.55
1425.54
1923.63
311.01
1740.18
1421.60
1729.16
568.43
798.31
1946.91
1905.16
1251.45
1016.71
1575.41
1893.95
1649.22
1273.24
1658.30
1643.63
1293.37
1766.14
1659.91
1536.23
1119.43
1314.36
793.57
1778.07
2150.39
1543.13
1926.34
2218.07
1811.78
1525.34
1639.04
716.36
796.72
1516.14
792.54
1501.65
1511.23
1822.02
1155.44
1856.29
1655.72
1589.74
1730.47
1583.07
1790.60
445.33
952.43
702.32
1465.56
767.78
1864.51
854.92
2184.45
1669.54
1245.36
1088.31
471.64
966.51
1655.61
1543.68
1667.70
959.21
983.46
1411.44
1303.46
1629.81
890.90
1021.66
1516.17
1533.45
1926.09
911.76
1380.78
526.72
761.82
1734.56
1410.45
1782.29
1528.98
1561.20
1536.92
1828.42
1772.20
1212.99
1899.94
1515.56
1552.42
855.71
1480.02
1728.60
407.29
1843.50
1858.93
1163.57
1505.96
1041.25
1742.01
1213.11
1452.83
1506.80
1526.67
718.20
1706.82
1669.71
1648.90
936.83
1045.76
1928.69
638.70
1742.16
1935.11
875.52
1470.16
1942.58
1442.22
780.43
1810.39
1218.70
1230.18
1421.21
1813.37
1038.31
1349.09
1955.02
1592.36
1247.83
1615.58
1701.17
1387.13
1129.89
1597.27
1168.20
747.00
1215.69
1454.35
383.87
1642.29
345.86
1538.69
1217.38
1738.82
1712.13
1875.06
1477.67
1578.09
413.63
907.68
1491.89
1871.45
1218.70
1595.02
1929.28
611.28
1433.17
1530.16
1168.81
1605.28
319.63
2205.25
1474.96
1048.63
781.33
663.98
1862.82
1421.53
1452.72
1933.00
1771.94
1330.99
1619.93
1541.41
1034.81
1898.81
1639.22
1588.95
1569.63
1516.69
1952.95
1497.69
1751.65
893.41
826.20
1740.14
1804.65
1451.16
1004.42
2046.79
1454.51
1659.13
1629.74
1634.12
1473.69
1122.85
1503.47
1292.62
1908.52
1237.06
1756.75
1683.09
1651.29
2100.36
1363.68
1456.62
1616.96
1611.87
1448.90
893.50
1108.69
1663.90
1461.13
1818.48
1576.12
1308.19
973.82
1165.56
1121.07
1859.07
1555.74
1246.45
1838.16
1444.41
1723.14
2088.11
1903.31
1617.59
1600.29
1652.43
1191.55
541.48
1680.22
2017.98
1819.37
1750.38
2227.23
1708.10
1854.30
1227.47
1070.27
1305.12
1763.08
1622.16
1634.60
1215.77
1662.04
1746.19
883.16
1862.02
1423.67
1902.81
2201.38
1219.96
919.62
1600.37
1789.88
1777.96
1685.37
1084.97
1936.79
1840.11
1813.12
1293.52
1633.98
1920.87
377.79
670.63
1434.22
887.64
1447.93
1163.98
1764.82
1100.28
1181.09
1108.04
1181.64
1708.67
1668.88
1334.26
1234.85
1680.07
1547.88
1558.44
960.99
1946.21
1538.52
1497.37
1328.61
1514.64
1746.68
1298.39
1139.45
427.32
1015.51
1572.12
896.99
1469.02
1642.58
1599.24
2131.76
1863.41
1751.20
1555.21
1693.12
1468.79
1901.11
1641.53
1592.56
1854.45
1902.63
1538.92
1771.28
1561.05
1542.20
1810.94
1059.92
1278.94
2060.70
2062.93
1523.83
947.01
1700.54
1939.99
1543.52
1648.66
714.39
1957.80
979.03
1736.01
688.54
1195.85
1590.92
724.62
1500.15
1482.26
1835.77
1793.08
1733.08
1128.58
1089.13
1374.44
1860.45
1846.23
1524.14
1796.61
1358.87
912.63
1718.73
1222.43
1573.55
1222.99
1521.58
1803.87
1887.55
1960.77
1486.14
867.81
1855.68
1171.70
1642.90
1400.36
1697.86
1248.91
1040.93
1235.38
1670.13
1434.17
1523.23
1125.45
1676.64
1671.16
1821.80
1976.54
1782.78
428.71
1355.09
1160.53
1401.80
2218.65
808.14
1622.37
1757.28
1118.30
1309.22
1832.24
1748.39
1605.85
1694.92
629.36
883.37
1195.91
1598.90
1644.80
1651.06
1630.17
1599.06
1560.29
1525.98
774.35
1649.01
1834.17
1933.75
1918.23
1791.70
1527.93
891.47
1004.51
1700.07
807.74
1430.68
1516.56
1542.45
871.36
1716.98
1936.35
1067.67
1683.80
990.80
921.74
1760.54
1315.54
1778.04
1793.41
1582.62
884.70
1486.96
907.49
1346.05
1614.40
1162.07
1591.42
1514.37
884.16
910.49
1465.29
1031.44
1779.37
1291.76
1302.68
1668.66
1477.91
822.23
1192.32
1532.44
931.39
645.58
654.39
507.64
1383.41
1768.90
701.50
1612.52
1548.41
1594.38
1578.37
1919.46
1901.09
801.96
1423.74
2194.56
1625.84
1761.77
1350.78
1326.77
1686.18
1363.50
1325.73
1119.22
1606.78
1731.85
1461.97
1124.45
1644.93
757.84
1059.89
946.11
1685.78
1124.55
1336.29
835.86
895.86
1440.50
1011.61
880.29
417.47
1695.39
918.68
875.45
1839.44
716.05
1971.17
1379.77
1620.55
1802.62
1462.36
808.32
1776.26
1840.47
1750.11
669.58
920.75
1076.37
1663.09
657.57
1480.30
1815.64
1479.14
1916.81
1106.75
1144.71
1700.21
1541.32
1933.80
1945.02
1492.35
1676.73
1754.88
736.17
1600.71
991.16
1793.60
1036.05
307.74
785.88
1329.98
1759.51
1887.70
961.72
1557.37
1346.66
851.64
1258.45
1666.44
1523.78
1629.90
1875.01
783.82
1622.42
844.50
1788.89
1141.98
1229.40
1117.01
1952.08
1372.24
1319.46
1958.84
1597.97
1260.07
1919.71
1670.30
1650.05
1993.91
1707.18
1085.44
1541.10
1442.42
1662.98
1234.66
1716.84
1214.69
1637.85
1646.33
1830.77
1804.24
2247.33
2162.37
735.44
1544.79
1867.03
1535.68
729.49
729.32
1171.01
2021.38
1384.01
1428.98
1779.69
908.43
1635.69
1547.38
1742.50
541.43
929.77
1678.85
1737.80
786.46
1164.79
1936.03
1747.47
1773.73
1787.50
1326.82
530.89
1925.11
1420.37
1244.34
2202.14
1477.50
1707.51
1300.41
1611.31
1760.05
1792.44
1762.08
889.33
1662.98
1311.93
1670.70
1887.96
1395.30
1758.98
1397.48
1741.76
795.45
720.28
1107.89
1450.15
1775.94
1135.09
1817.36
1250.93
1464.27
1525.62
1396.12
553.31
1185.57
1951.06
1862.63
1272.16
856.64
1115.15
1491.00
2186.05
754.96
1793.31
1521.51
2111.44
1482.96
1947.81
681.47
1606.10
1370.60
1003.42
1478.99
1152.39
1119.81
1617.97
1211.58
1644.24
1575.16
1441.90
1637.05
1463.69
1464.83
1397.63
2268.88
1539.51
1428.51
1094.20
1153.52
1904.01
1599.33
1565.35
786.09
1453.27
1852.56
1656.22
1828.94
2059.97
865.72
1564.65
1709.28
1642.84
928.86
1826.88
652.28
1538.56
1615.61
1550.98
1279.81
772.37
1199.08
1738.00
951.80
1618.33
793.11
1499.10
1756.38
1295.21
1791.12
1611.42
1588.71
1762.25
431.59
1303.85
1109.91
1742.57
1853.57
554.56
1306.97
1344.47
1701.01
1939.26
1345.22
1851.13
1836.23
1092.38
1542.37
1944.86
1484.34
1590.70
1513.17
973.25
1861.72
1452.59
1273.35
1410.71
1805.79
1459.66
665.10
1523.43
1874.50
775.15
1478.40
1554.71
1318.21
1479.49
878.99
762.91
1755.29
1659.27
1223.44
1215.68
1908.44
1446.12
1914.90
615.57
1546.55
766.01
1232.44
1374.40
848.62
994.44
1513.79
780.43
1818.92
1358.83
1356.28
1900.94
1337.74
1470.76
1560.96
1350.22
1497.26
1286.67
1134.28
1672.67
858.02
729.62
896.10
567.09
2116.95
1789.68
1269.39
1207.89
482.27
1135.59
1442.22
1384.39
1266.97
2242.48
1284.06
1356.75
1602.20
1758.16
1767.37
1726.28
1722.40
1397.12
1717.59
2073.09
1479.93
1638.95
1567.93
817.67
1618.35
1304.28
1124.85
1794.90
2092.60
1899.62
1201.36
1684.72
856.21
893.30
1863.38
1212.32
1716.95
429.60
1337.44
1792.17
859.73
1594.75
1663.96
1926.50
316.56
1333.75
2106.61
1946.35
747.67
1318.00
1631.47
1861.79
1703.74
1936.65
1382.78
1579.86
828.26
1529.42
1186.32
733.73
1424.43
225.03
1839.48
661.51
746.36
1551.97
1341.81
2222.51
1284.08
1941.92
1961.62
876.87
1909.91
1634.48
2075.20
827.76
631.26
1645.67
1664.40
1598.99
627.64
1703.54
2196.06
1180.81
1136.78
747.14
1745.04
1747.38
1644.93
2064.94
1646.50
1553.01
626.18
1202.28
1763.47
2004.52
1834.66
1865.42
782.89
1653.00
1453.97
1994.01
1347.95
1374.02
1641.64
1753.09
850.03
1855.42
1306.43
1534.27
1826.21
1369.89
1285.11
1484.76
1942.94
737.97
901.72
1948.80
1726.68
627.44
1585.34
1555.46
1549.71
1873.12
1820.69
1385.81
934.98
1763.13
1448.99
639.94
735.97
1456.19
904.98
1482.70
1319.56
1561.93
1883.90
1669.52
999.81
1682.74
1605.34
1208.37
1413.72
1845.67
1729.86
1654.94
1784.61
1558.34
1957.46
1663.55
1852.54
1822.40
1362.16
1392.66
1647.35
1261.94
1691.30
1694.39
1896.67
1521.52
1677.86
1971.31
609.05
1322.77
699.69
1716.55
1560.74
1657.32
1413.20
666.41
1353.16
1396.93
1442.82
1211.15
1799.67
1930.47
1180.97
1959.63
690.76
1576.38
1061.38
1590.38
1206.04
1151.49
1668.31
1412.65
1182.50
629.95
1477.92
1438.29
1445.52
1798.65
1709.74
1467.36
1729.07
1802.33
1505.36
1540.43
1403.25
1249.90
1468.03
1969.57
955.02
989.92
1904.12
739.82
1805.58
1560.96
1494.36
1391.50
1722.55
1131.74
1848.96
1813.64
1135.89
1777.69
1137.57
702.43
1515.01
1058.62
1844.63
1938.88
1542.16
1469.04
1664.80
285.12
1674.23
1169.85
1087.61
1706.69
1043.19
805.84
1750.32
943.14
1357.96
1748.64
729.66
1516.44
682.74
731.06
1519.28
1621.67
1239.04
599.79
1590.49
992.81
1870.26
1659.34
1651.62
1621.62
1452.38
1437.07
755.05
1745.92
1863.00
754.94
705.44
875.32
1685.89
1827.95
1122.51
1931.65
1290.75
1221.37
1964.86
1308.05
1964.85
816.61
1399.68
1540.37
944.92
1815.76
1311.00
1129.37
1780.64
1323.11
955.33
1818.62
2014.27
1560.80
1634.61
1176.69
1159.56
1349.16
1577.46
1356.44
1948.96
1641.26
1351.63
1220.79
808.52
1790.88
1713.65
1334.45
1478.52
1854.53
2173.91
741.24
1760.66
1750.72
813.53
281.40
1710.50
1469.12
1337.91
1125.61
999.76
1593.35
1742.83
1514.39
1757.49
1568.53
1435.52
987.21
1608.77
1044.97
1139.99
1443.32
1140.10
1077.00
728.54
919.06
1832.50
2058.46
1777.34
1906.01
1212.31
1635.25
1643.52
1279.84
1354.72
1933.95
1243.21
1654.94
1668.81
2037.54
1581.35
1405.14
1540.23
1941.60
965.58
864.11
1443.93
1570.95
898.07
1078.33
1186.69
1198.18
1794.79
1450.41
1336.98
1830.77
1602.37
1626.44
303.48
411.75
1941.54
1693.56
984.20
1822.14
794.08
1067.24
716.90
1662.49
1220.42
2045.32
860.75
1485.88
1402.51
731.58
1879.78
1178.84
671.01
1338.74
1739.45
1670.82
1295.84
1926.13
1440.64
647.33
1815.20
2116.44
1433.19
2005.88
1262.41
2198.13
1224.31
1785.90
959.45
1467.76
862.17
1253.24
1608.58
1478.33
1307.35
1543.77
734.93
737.78
1528.09
1220.75
1928.94
1926.99
1606.64
762.12
1319.23
1129.72
794.81
1642.22
851.79
1506.81
1380.79
1440.50
1463.71
1720.12
985.94
914.55
1791.04
1387.92
1954.66
1097.87
797.23
1762.72
941.31
1355.84
1682.85
1705.17
1269.79
179.83
1811.34
1356.37
2024.78
1350.90
1535.27
1273.11
1927.95
1739.42
1648.33
1639.00
1758.21
755.13
1838.84
1549.32
1514.31
1821.62
1800.98
1456.74
1327.42
1818.04
1724.02
1145.13
1756.89
1354.80
811.71
814.37
1470.16
1949.33
1188.64
595.74
1654.11
777.40
1531.88
1324.48
1126.71
1574.51
1526.29
1618.76
877.19
1746.48
1088.97
1130.48
1126.36
1537.96
1527.26
1534.45
930.39
1286.61
860.63
1807.46
1250.54
1633.05
1224.08
2178.25
1822.94
1230.21
1894.72
1228.45
1656.21
1543.68
1209.75
1408.84
1503.39
1316.04
694.64
1630.41
1342.51
977.22
2053.39
1301.38
1834.00
1125.01
1492.05
1156.77
1896.24
1525.34
1843.18
1580.32
1633.66
871.57
925.20
1649.48
781.87
1432.24
1122.72
1200.45
1157.87
2004.43
1777.92
1530.19
1151.29
994.58
1589.74
2193.08
1752.85
649.24
1266.14
1100.62
1582.53
1491.27
1616.23
1699.11
1505.45
243.88
1479.12
1759.77
1436.43
1677.42
1100.07
1905.67
1811.43
1065.92
653.19
2213.28
1183.58
1793.53
1696.35
1307.42
1980.44
1371.72
1712.98
1761.19
481.27
1330.25
270.74
1741.90
779.92
925.30
1805.82
1926.31
839.18
1470.62
1550.86
1961.18
1800.19
315.44
1596.45
1120.84
1870.59
1327.08
1911.71
2002.46
2046.75
1449.95
1793.77
1199.32
1483.15
723.58
1741.94
1453.67
943.28
1199.81
1624.25
1411.61
1748.77
298.05
1758.14
1702.78
893.25
1152.49
742.28
1543.77
1207.31
1158.81
1266.61
1098.80
1588.86
1533.55
1085.87
1335.77
1539.80
1358.66
1584.35
1428.78
1812.95
1816.33
1163.09
1236.19
954.56
1605.92
885.78
676.97
1226.20
814.70
1886.93
1523.11
1093.94
1826.13
1072.23
1968.44
1307.02
1274.04
1339.21
810.43
1295.12
1362.78
1378.43
1851.92
824.58
1303.65
1419.37
1770.32
525.23
1505.14
1405.22
936.00
1949.78
1830.09
1169.12
1331.61
1181.73
1669.00
1665.91
1360.62
1308.09
792.29
2016.74
1192.65
2122.44
1113.56
778.88
1931.86
1524.19
1534.41
1302.45
1557.33
1526.65
1283.43
1292.81
841.46
1370.82
1355.76
1228.26
1479.01
765.34
1435.81
1165.09
1323.88
1434.73
1667.26
1937.86
605.37
1287.09
1925.78
970.23
1654.14
1129.52
1704.84
1326.76
1214.67
1607.78
1590.22
1775.08
791.89
1194.89
2148.33
1732.06
1826.03
1383.57
1964.79
1754.81
2094.60
1603.94
1587.68
1584.16
1873.53
1471.30
1256.40
1434.28
1487.65
1355.10
645.32
1089.28
1880.63
1251.06
1549.61
1950.61
1712.50
1607.66
893.72
1596.87
1881.85
395.44
1478.30
1368.03
1556.73
1651.28
1176.61
1344.61
667.77
530.31
1357.59
1725.88
2029.89
1862.86
1795.26
1360.02
1686.36
1719.18
1890.10
902.92
1746.13
502.36
918.84
1009.69
1525.93
1038.56
1621.19
1138.76
1584.72
1622.64
1808.18
1417.49
1420.08
1721.44
1292.11
1601.83
1914.66
1676.84
981.94
1247.79
1734.14
1279.63
1399.35
852.13
920.55
1536.64
1759.15
1038.05
814.60
1173.17
1724.38
1443.73
1345.35
884.68
1812.04
1539.00
1612.00
1621.60
1447.31
1346.29
735.35
1473.76
946.85
806.41
1787.81
1919.27
1356.96
1991.80
897.16
1318.95
1080.80
863.81
1068.12
1308.13
1565.11
1529.40
775.94
1527.79
1801.15
1483.20
1290.55
1726.95
1536.40
1975.78
1248.09
1074.62
1461.54
1789.03
1261.16
1322.43
1605.25
1173.95
527.77
1654.91
1656.04
825.55
1163.02
1219.35
896.97
1629.60
1482.74
1316.57
1288.56
1625.71
1604.72
1726.24
1822.80
1458.21
1435.20
1715.48
1772.83
1699.07
1929.18
1874.11
1658.61
1704.93
1176.47
1603.97
1244.01
1174.32
1718.95
1326.98
1232.80
1721.64
696.86
1858.88
1185.02
1037.23
1121.16
1964.03
1542.48
1501.74
1634.81
1450.30
1610.23
917.32
1426.45
963.76
1492.11
1720.59
1024.11
1441.44
1477.08
990.90
1221.21
861.31
1525.71
1880.23
820.43
1226.20
725.22
1708.14
535.22
1106.30
787.09
1457.55
1544.08
2059.00
2166.39
1366.06
1333.86
813.06
869.05
1913.91
1565.62
1338.17
1499.48
1545.52
1192.85
1911.42
1619.33
955.28
2119.17
2191.01
2018.77
1612.40
1536.04
778.19
1585.65
1181.72
1528.31
1500.22
947.30
550.36
1954.41
1514.74
859.97
1466.07
1662.22
1290.77
1629.13
1912.75
1010.18
792.88
1426.42
1755.84
745.76
738.26
560.79
1839.49
1688.53
1504.03
1833.98
1293.62
1971.06
1594.62
1378.40
1650.09
1977.42
1547.46
1300.84
1619.30
889.38
738.75
1559.03
1615.75
1623.11
1600.06
947.72
1805.29
1816.03
1766.99
1996.85
1746.91
1726.35
1426.60
2201.98
1760.26
1258.04
814.51
776.07
1755.65
1079.24
1592.14
1696.86
1479.12
1182.52
1430.13
1411.88
1453.55
785.55
1362.88
1812.21
766.01
1663.47
1097.87
1652.29
1529.25
1224.11
739.80
1543.29
1406.77
1529.13
1494.71
1264.49
1830.85
1301.14
1541.47
1380.08
1811.85
1051.43
1839.85
1730.08
1524.31
616.61
625.92
1851.05
1140.26
780.78
1574.46
1047.96
1645.44
851.90
1565.97
1818.89
1756.88
1495.51
1883.64
1858.68
1193.90
1410.93
1501.68
1562.35
1210.33
1101.88
1533.53
1415.08
1240.55
1644.43
1681.13
1342.15
1698.05
1720.23
653.60
713.55
1792.87
1488.58
1455.91
1773.12
1634.51
1193.63
1048.58
1696.54
1363.15
1012.64
1834.14
1475.28
1801.16
1500.62
1753.38
1103.23
1472.28
1726.24
1726.12
2201.99
1085.41
637.39
1326.66
1386.50
862.35
779.46
1787.48
1173.39
1736.07
1253.37
1734.61
1822.45
1690.62
915.77
1492.83
1675.66
1283.74
707.36
615.51
1195.62
1808.44
1763.28
865.93
1389.51
1570.27
1718.93
1579.87
1959.45
1990.58
1844.16
1472.98
1933.45
990.57
1165.47
441.64
1698.04
1511.41
1312.33
1532.78
1618.61
2114.78
1805.78
1714.88
1516.60
1421.84
1512.46
1605.12
1984.99
1938.51
1412.70
801.82
1685.66
1436.42
1223.93
1428.65
1440.92
1841.44
1092.44
1011.67
1274.16
426.29
1563.09
1599.62
1689.12
1490.83
1221.70
1135.70
1353.67
1104.15
533.47
1566.06
874.78
1620.66
1037.01
1919.76
938.86
1900.12
1849.39
1621.72
1595.22
1912.17
1354.10
1812.57
423.44
1290.41
2137.91
1064.86
1104.66
1498.09
1550.89
416.08
1449.86
1467.61
1321.33
1830.74
1871.63
337.82
1539.62
483.68
1596.20
1404.83
1605.75
1468.61
1802.35
1971.17
521.62
213.08
1263.66
1228.69
1150.97
1371.16
806.79
1721.37
879.25
1803.24
1528.46
789.78
825.81
1192.17
1735.94
1987.42
767.37
1621.30
1579.75
1125.31
740.25
734.00
1479.24
1251.57
1043.68
1443.05
873.66
1641.71
644.20
1199.10
1699.11
1598.62
1971.27
1701.90
1475.63
935.39
1734.99
758.47
1628.69
1117.47
1608.23
1367.36
1348.61
1474.52
1562.54
1600.53
1473.14
1906.53
1838.68
1756.26
788.84
1819.55
1322.38
1445.40
1931.70
1666.59
1698.64
717.44
1182.15
1310.09
1937.29
1423.54
1923.45
1705.36
807.19
1542.19
1690.38
1813.20
1062.49
1056.90
876.44
1533.72
2167.72
930.74
1812.34
1593.00
1240.75
663.72
1690.56
832.08
1508.72
651.38
1125.68
1234.82
1215.40
1872.50
2047.22
852.28
1707.70
871.44
688.59
1340.92
1162.34
726.95
1546.20
1807.35
1249.24
1532.00
1230.21
1315.80
1556.87
1507.76
1186.86
1214.17
1280.08
435.04
682.16
1577.92
1215.64
1172.29
1129.50
1381.18
1281.33
897.64
1789.50
814.18
905.53
1488.23
1577.74
1568.92
1133.37
1575.41
1657.75
1676.66
1404.64
1908.70
1353.76
1648.26
1778.92
1124.51
1752.27
1432.22
1758.91
1383.11
1247.79
1744.85
1386.07
1845.24
1949.02
1904.84
1871.59
1592.32
926.95
1617.14
840.98
1283.03
1456.00
1103.90
1638.59
1951.02
1852.88
1942.05
1398.56
893.28
1405.88
1668.53
1580.46
1812.86
645.83
1372.44
548.83
1413.17
2044.10
1540.55
1614.85
967.85
946.73
1668.72
1411.62
1336.49
1482.89
1378.82
1894.58
1613.92
669.05
1211.15
1728.27
1277.89
1330.59
1536.46
1590.52
1110.26
741.29
537.98
1777.67
935.09
1724.83
1876.00
1614.79
1523.84
1982.69
790.57
1331.83
1475.86
1366.51
1258.87
730.05
1814.78
1612.73
1466.17
537.78
1151.91
1584.92
1597.70
993.17
1892.76
825.94
813.26
1331.87
1261.69
1833.38
1434.34
1169.38
1932.33
2061.55
1679.89
1205.42
1076.47
630.70
1788.63
1455.66
1657.32
386.93
1710.01
1803.93
1697.68
1575.84
1809.94
951.24
720.05
1752.03
1697.52
1675.15
1445.00
1157.31
1447.29
1079.90
770.44
1950.71
1028.44
1320.39
1432.59
1077.49
1123.00
1587.84
1926.93
1277.73
660.99
1493.32
1099.97
1630.33
1536.08
1236.19
1750.12
1495.86
1549.10
1956.79
1617.33
1049.48
1525.26
2144.64
1187.89
1640.44
1512.47
1116.47
1232.01
1506.35
992.35
1581.23
816.41
1435.56
1055.03
1303.21
1553.71
711.64
1393.20
1952.03
789.56
2229.43
930.38
1178.93
978.21
1649.76
1882.10
1364.56
1528.88
1329.57
1058.66
785.73
1838.47
1199.67
1875.18
1714.28
1731.59
1178.55
1475.90
1499.50
1819.42
1234.87
1468.44
1628.79
752.93
1896.20
1881.45
1840.46
1769.57
1754.16
1120.71
1735.65
292.93
1418.55
1115.58
1410.52
862.40
2148.17
1356.03
1460.76
885.07
1908.91
809.02
148.81
974.20
1012.21
1931.77
1957.29
1767.75
1645.40
1862.25
1237.84
1585.88
919.23
1236.67
1496.99
928.71
786.68
1698.63
1252.66
721.15
1447.24
1729.30
1482.81
1643.92
1879.38
1202.16
1937.22
1645.82
1501.62
1693.62
1144.07
1354.77
741.54
1098.43
575.71
1597.26
1659.85
1681.54
1528.26
1257.19
1319.23
1313.06
606.47
1845.94
1829.07
1504.92
1814.05
1568.16
1328.19
2035.38
816.01
1244.73
802.39
1704.87
1378.62
1052.87
1161.80
1806.16
1752.99
1597.15
1522.68
801.29
2069.47
884.40
1341.08
1506.93
1191.76
1488.04
1225.43
1436.15
1091.23
964.14
2010.06
1613.87
731.90
1818.74
1387.13
1537.26
597.21
1799.40
1515.92
520.34
1124.50
1412.21
302.73
1456.62
1262.12
1420.85
1680.66
1486.26
1234.73
1795.17
2162.13
616.80
1598.93
685.19
1612.43
1446.61
1187.86
1401.80
1745.20
1859.33
1495.20
1497.78
1820.03
1145.66
1779.91
1499.48
1356.33
1215.38
1713.67
443.03
997.80
954.24
894.44
1774.76
841.55
1023.24
1889.96
1493.99
1268.52
295.26
1174.20
1109.32
950.88
1158.31
814.55
1600.71
1678.19
1866.91
1418.22
1756.18
870.21
1714.51
1800.53
1616.76
1558.72
2186.60
1196.37
1504.67
1427.65
1226.17
2038.72
1749.24
1522.58
1071.44
1710.71
777.08
1376.73
859.73
1849.09
1432.50
1281.48
1629.42
1707.76
2096.77
1617.23
221.36
1577.99
1738.38
977.13
1049.14
1513.97
1548.17
1206.24
950.75
1878.05
1662.31
1614.35
2011.78
1979.87
1535.30
1313.17
1699.96
1658.20
1361.59
283.25
1617.38
1809.82
1339.70
1254.57
1781.76
669.47
600.11
620.40
1862.75
1299.71
